55555555555555555555555555555555555555555555555555555555555555555555555555555555555555555555555 
55555555555555555555555555555555555555555555555555555555555555555555555555555555555555555555555 
55555555555555555555555555555555555555555555555555555555555555555555555555555555555555555555555 
55555555555555555555555555555555555555555555555555555555555555555555555555555555555555555555555 
55555555555555555555555555555555555555555555555555555555555555555555555555555555555555555555555 
50000000000000000000000000000000000000000000000000000000000000000000000000000000000000000000000
50000000000000000000000000000000000000000000000000000000000000000000000000000000000000000000000
50000000000000000000000000000000000000000000000000000000000000000000000000000000000000000000000
50000000000000000000000000000000000000000000000000000000000000000000000000000000000000000000000
22222222222300000000000000000000000000000000000000000000000000000000000000000000000000000000000
5555555a555600000000000000000000000000000000000000000000000000000000000000000000000000000000000
55b5a555b556000000000000000000000000000000000000000012de2e22e2300000000000000000000000000000000
555a55b55555d22de2de2d2ed2de2d2e22ed22dee2d22deddeed5a5555b5b5600000000000000000000000000000000
55b555a55b5555a55b5555a555b55b5555a555b5555a555a5a555b55a5b555522222d2e000000000000000000000000